121
242.1689  67.2640
273.1320  77.1812
304.0924  88.9103
334.9674  99.1705
367.5095 111.7402
401.8308 122.2429
431.1804 130.6153
464.9635 142.8688
498.5138 158.6425
535.8451 167.1533
567.8440 178.2561
224.8369  90.6620
256.4550 103.3733
288.1805 112.4702
318.5633 120.7279
352.5271 134.9915
384.6354 143.3336
415.8704 155.6501
452.9348 168.4433
485.1300 179.3431
520.5075 190.7036
557.9278 199.6437
207.4270 110.5970
241.0643 121.9197
273.3299 131.2466
303.2878 144.0345
336.5858 157.5572
369.7477 165.2483
403.4135 178.5723
436.1149 188.6376
473.2866 200.0313
506.1008 214.3820
547.4066 232.7619
193.3557 130.4979
221.3240 142.2238
254.7546 153.8537
287.0470 166.1071
321.6571 176.5426
352.6433 190.8355
383.8829 205.6507
421.0444 212.5237
456.5908 228.0515
493.7015 240.5840
529.2340 252.7457
171.7040 154.6971
203.6803 165.5795
236.6147 179.7166
272.1972 190.0465
303.0245 201.9781
338.2005 211.9468
372.0036 224.5776
407.7736 241.9091
442.3072 251.9632
477.7008 266.3405
518.0629 279.9631
154.0796 180.1954
183.4565 187.6841
219.5871 201.4159
250.2939 213.7378
285.4981 225.9189
318.5012 237.8701
358.2029 254.0415
391.3703 269.4834
428.9397 279.8861
466.2660 291.2223
500.3181 307.9900
131.0136 199.1975
167.0367 214.6649
200.7251 228.8708
234.9913 241.4776
267.9848 257.0169
302.5178 267.0198
340.2814 282.6687
375.6466 293.2320
412.6949 309.5896
450.1282 321.9022
484.8233 337.5303
115.8816 226.3071
143.6085 239.1949
182.8422 249.5281
213.5265 267.1936
249.2938 281.3113
284.5736 291.0128
318.9349 306.2709
356.5159 321.1515
394.3096 335.2890
434.5996 349.8373
472.1903 366.8978
 88.3363 252.8090
125.4967 267.8659
159.3491 279.0251
195.2325 293.8604
230.3779 308.3919
263.3336 321.7097
301.7723 335.6058
336.2674 350.5639
377.9944 368.5364
415.0760 379.7554
454.2858 401.4042
 69.2557 279.6732
108.0559 293.3616
137.9377 308.1074
173.5948 321.7365
210.0524 335.0038
245.1760 351.4889
283.8474 366.3917
319.4848 379.1865
358.2158 399.1095
400.3611 413.3958
440.7234 430.6944
 48.3663 308.0190
 80.4827 323.3705
116.8672 335.3253
151.5364 351.2454
186.6660 367.2929
224.6550 383.1280
260.6206 399.1703
299.4060 413.6369
338.0556 429.5515
381.0990 450.1386
421.1352 465.1338
